                                                [[[[[4,3],4],4],[7,[[8,4],9]]],[1,1]]    
                                              /
                                [[[[4,3],4],4],[7,[[8,4],9]]]                                 [1,1]
                              /
                            [[[4,3],4],4]                [7,[[8,4],9]]                          1     1
                          /    \
                [[4,3],4]       4                   7           [[8,4],9]
              /          \
        [4,3]             4                                 [8,4]           9
      /      \
    4          3                                         8         4